what,kind,bundleId,bundleVersion,description,time
activated,workbench,org.eclipse.ui.workbench,3.7.1.v20120104-1859,"",1350033533238
activated,editor,org.eclipse.jdt.ui,3.7.2.v20120109-1427,"org.eclipse.jdt.ui.CompilationUnitEditor",1350033533283
started,bundle,org.eclipse.ant.ui,3.5.101.v20120110-1739,"org.eclipse.ant.ui",1350033548126
opened,view,org.eclipse.ant.ui,3.5.101.v20120110-1739,"org.eclipse.ant.ui.views.AntView",1350033548280
activated,view,org.eclipse.ant.ui,3.5.101.v20120110-1739,"org.eclipse.ant.ui.views.AntView",1350033548343
started,bundle,org.eclipse.ant.launching,1.0.101.v20120110-1739,"org.eclipse.ant.launching",1350033549507
started,bundle,fix,1.0.0.201204061311,"fix",1350033569359
started,bundle,org.eclipse.jst.common.project.facet.core,1.4.200.v201103170302,"org.eclipse.jst.common.project.facet.core",1350033574818
started,bundle,org.eclipse.jst.ws.jaxrs.core,1.0.301.v201108240656,"org.eclipse.jst.ws.jaxrs.core",1350033574829
started,bundle,org.eclipse.jpt.common.core,1.0.2.v201111103010,"org.eclipse.jpt.common.core",1350033574852
started,bundle,org.eclipse.jpt.jpa.core,3.0.2.v201201243020,"org.eclipse.jpt.jpa.core",1350033574879
started,bundle,org.eclipse.wst.sse.core,1.1.602.v201112071516,"org.eclipse.wst.sse.core",1350033574974
started,bundle,org.eclipse.compare,3.5.202.R37x_v20111109-0800,"org.eclipse.compare",1350033575313
started,bundle,org.eclipse.wst.sse.ui,1.3.2.v201201041522,"org.eclipse.wst.sse.ui",1350033624999
started,bundle,org.eclipse.wst.xml.ui,1.1.202.v201112071516,"org.eclipse.wst.xml.ui",1350033625013
started,bundle,com.android.ide.eclipse.adt,20.0.3.v201208082019-427395,"com.android.ide.eclipse.adt",1350033630032
started,bundle,org.eclipse.wst.xml.core,1.1.602.v201201091944,"org.eclipse.wst.xml.core",1350033630842
started,bundle,org.eclipse.jdt.apt.core,3.3.500.v20110420-1015,"org.eclipse.jdt.apt.core",1350033631273
started,bundle,org.eclipse.jdt.apt.pluggable.core,1.0.400.v20110305-1450,"org.eclipse.jdt.apt.pluggable.core",1350033631394
started,bundle,org.eclipse.jdt.launching.macosx,3.2.100.v20111006_r372,"org.eclipse.jdt.launching.macosx",1350033631454
started,bundle,org.eclipse.debug.ui,3.7.102.v20111129-1423_r372,"org.eclipse.debug.ui",1350033632819
started,bundle,org.eclipse.wst.common.uriresolver,1.1.401.v201004280700,"org.eclipse.wst.common.uriresolver",1350033633247
started,bundle,org.eclipse.wst.validation,1.2.303.v201202090300,"org.eclipse.wst.validation",1350033635919
started,bundle,org.eclipse.wst.dtd.ui,1.0.600.v201103171359,"org.eclipse.wst.dtd.ui",1350033636582
started,bundle,org.eclipse.emf.common,2.7.0.v20120127-1122,"org.eclipse.emf.common",1350033636666
started,bundle,org.eclipse.wst.xsl.ui,1.1.200.v201103082057,"org.eclipse.wst.xsl.ui",1350033637100
opened,editor,com.android.ide.eclipse.adt,20.0.3.v201208082019-427395,"com.android.ide.eclipse.editors.CommonXmlEditor",1350033637416
started,bundle,org.eclipse.wst.xsl.core,1.1.100.v201102270516,"org.eclipse.wst.xsl.core",1350033637562
activated,editor,com.android.ide.eclipse.adt,20.0.3.v201208082019-427395,"com.android.ide.eclipse.editors.CommonXmlEditor",1350033639060
started,bundle,org.eclipse.jdt.debug.ui,3.6.1.v20111006_r372,"org.eclipse.jdt.debug.ui",1350033651024
activated,editor,org.eclipse.jdt.ui,3.7.2.v20120109-1427,"org.eclipse.jdt.ui.CompilationUnitEditor",1350033651247
closed,editor,com.android.ide.eclipse.adt,20.0.3.v201208082019-427395,"com.android.ide.eclipse.editors.CommonXmlEditor",1350033651248
activated,view,org.eclipse.jdt.ui,3.7.2.v20120109-1427,"org.eclipse.jdt.ui.PackageExplorer",1350033652653
activated,view,org.eclipse.ant.ui,3.5.101.v20120110-1739,"org.eclipse.ant.ui.views.AntView",1350033654192
deactivated,workbench,org.eclipse.ui.workbench,3.7.1.v20120104-1859,"",1350033658631
activated,workbench,org.eclipse.ui.workbench,3.7.1.v20120104-1859,"",1350033662189
started,bundle,org.eclipse.ant.core,3.2.302.v20120110-1739,"org.eclipse.ant.core",1350033662662
started,bundle,org.eclipse.core.variables,3.2.500.v20110928-1503,"org.eclipse.core.variables",1350033663472
started,bundle,org.eclipse.pde.build,3.7.0.v20111116-2009,"org.eclipse.pde.build",1350033664063
started,bundle,org.eclipse.equinox.p2.director.app,1.0.300.v20111126-0153,"org.eclipse.equinox.p2.director.app",1350033664129
started,bundle,org.eclipse.help.base,3.6.2.v201202080800,"org.eclipse.help.base",1350033664150
started,bundle,org.eclipse.equinox.p2.publisher.eclipse,1.0.0.v20110815-1438,"org.eclipse.equinox.p2.publisher.eclipse",1350033664176
started,bundle,org.eclipse.emf.ant,2.7.0.v20120130-0943,"org.eclipse.emf.ant",1350033664178
started,bundle,org.eclipse.emf.converter,2.5.0.v20120130-0943,"org.eclipse.emf.converter",1350033664214
started,bundle,org.eclipse.emf.importer,2.6.0.v20120130-0943,"org.eclipse.emf.importer",1350033664216
started,bundle,org.eclipse.emf.importer.rose,2.6.0.v20120130-0943,"org.eclipse.emf.importer.rose",1350033664217
started,bundle,org.eclipse.wst.command.env,1.0.409.v201004211805,"org.eclipse.wst.command.env",1350033664231
started,bundle,org.eclipse.equinox.p2.repository.tools,2.0.100.v20110815-1438,"org.eclipse.equinox.p2.repository.tools",1350033664252
started,bundle,org.eclipse.emf.importer.ecore,2.6.0.v20120130-0943,"org.eclipse.emf.importer.ecore",1350033664254
started,bundle,org.eclipse.ui.externaltools,3.2.0.v20111007_r372,"org.eclipse.ui.externaltools",1350033676214
started,bundle,org.eclipse.core.externaltools,1.0.100.v20111007_r372,"org.eclipse.core.externaltools",1350033676219
executed,command,org.eclipse.ant.ui,3.5.101.v20120110-1739,"org.eclipse.ant.ui.antShortcut.run",1350033676465
deactivated,workbench,org.eclipse.ui.workbench,3.7.1.v20120104-1859,"",1350033676517
activated,workbench,org.eclipse.ui.workbench,3.7.1.v20120104-1859,"",1350033679953
opened,view,org.eclipse.ui.console,3.5.100.v20111007_r372,"org.eclipse.ui.console.ConsoleView",1350033700509
activated,view,org.eclipse.ui.console,3.5.100.v20111007_r372,"org.eclipse.ui.console.ConsoleView",1350033700570
activated,view,org.eclipse.ant.ui,3.5.101.v20120110-1739,"org.eclipse.ant.ui.views.AntView",1350033703871
executed,command,org.eclipse.ant.ui,3.5.101.v20120110-1739,"org.eclipse.ant.ui.antShortcut.run",1350033711360
activated,view,org.eclipse.ui.console,3.5.100.v20111007_r372,"org.eclipse.ui.console.ConsoleView",1350033716373
activated,view,org.eclipse.ant.ui,3.5.101.v20120110-1739,"org.eclipse.ant.ui.views.AntView",1350033739628
executed,command,org.eclipse.ant.ui,3.5.101.v20120110-1739,"org.eclipse.ant.ui.antShortcut.run",1350033743836
activated,view,org.eclipse.ui.console,3.5.100.v20111007_r372,"org.eclipse.ui.console.ConsoleView",1350033745012
activated,editor,org.eclipse.jdt.ui,3.7.2.v20120109-1427,"org.eclipse.jdt.ui.CompilationUnitEditor",1350033782986
activated,view,org.eclipse.jdt.ui,3.7.2.v20120109-1427,"org.eclipse.jdt.ui.PackageExplorer",1350033786070
activated,view,org.eclipse.ui.console,3.5.100.v20111007_r372,"org.eclipse.ui.console.ConsoleView",1350033787565
activated,view,org.eclipse.jdt.ui,3.7.2.v20120109-1427,"org.eclipse.jdt.ui.PackageExplorer",1350033787985
activated,view,org.eclipse.ui.console,3.5.100.v20111007_r372,"org.eclipse.ui.console.ConsoleView",1350033788161
activated,editor,org.eclipse.jdt.ui,3.7.2.v20120109-1427,"org.eclipse.jdt.ui.CompilationUnitEditor",1350033791655
activated,view,org.eclipse.ui.console,3.5.100.v20111007_r372,"org.eclipse.ui.console.ConsoleView",1350033791812
activated,view,org.eclipse.jdt.ui,3.7.2.v20120109-1427,"org.eclipse.jdt.ui.PackageExplorer",1350033799320
opened,editor,org.eclipse.jdt.ui,3.7.2.v20120109-1427,"org.eclipse.jdt.ui.CompilationUnitEditor",1350033800635
activated,editor,org.eclipse.jdt.ui,3.7.2.v20120109-1427,"org.eclipse.jdt.ui.CompilationUnitEditor",1350033800731
executed,command,org.eclipse.ui,3.7.0.v20110928-1505,"org.eclipse.ui.file.refresh",1350033802212
activated,editor,org.eclipse.jdt.ui,3.7.2.v20120109-1427,"org.eclipse.jdt.ui.CompilationUnitEditor",1350033804320
closed,editor,org.eclipse.jdt.ui,3.7.2.v20120109-1427,"org.eclipse.jdt.ui.CompilationUnitEditor",1350033804320
activated,view,org.eclipse.jdt.ui,3.7.2.v20120109-1427,"org.eclipse.jdt.ui.PackageExplorer",1350033815347
started,bundle,org.eclipse.jdt.junit.core,3.7.0.v20110928-1453,"org.eclipse.jdt.junit.core",1350033846572
started,bundle,org.eclipse.wst.server.core,1.1.304.v20120208_1420,"org.eclipse.wst.server.core",1350033846669
started,bundle,org.eclipse.wst.server.ui,1.3.0.v20120210_1439,"org.eclipse.wst.server.ui",1350033846755
started,bundle,org.eclipse.jdt.junit,3.7.0.v20110928-1453,"org.eclipse.jdt.junit",1350033846813
started,bundle,org.eclipse.wst.common.frameworks,1.2.102.v201201190400,"org.eclipse.wst.common.frameworks",1350033847085
started,bundle,org.eclipse.emf.ecore,2.7.0.v20120127-1122,"org.eclipse.emf.ecore",1350033847288
started,bundle,org.eclipse.wst.common.emf,1.2.100.v201101101900,"org.eclipse.wst.common.emf",1350033847325
started,bundle,org.eclipse.jem.util,2.1.100.v201103021400,"org.eclipse.jem.util",1350033847367
started,bundle,org.eclipse.emf.ecore.xmi,2.7.0.v20120127-1122,"org.eclipse.emf.ecore.xmi",1350033847381
started,bundle,org.eclipse.wst.common.emfworkbench.integration,1.2.101.v201107140600,"org.eclipse.wst.common.emfworkbench.integration",1350033847442
started,bundle,org.eclipse.wst.common.core,1.2.0.v200908252030,"org.eclipse.wst.common.core",1350033847556
started,bundle,org.eclipse.wst.common.modulecore,1.2.103.v201201190400,"org.eclipse.wst.common.modulecore",1350033847565
activated,editor,org.eclipse.jdt.ui,3.7.2.v20120109-1427,"org.eclipse.jdt.ui.CompilationUnitEditor",1350033884799
started,bundle,com.android.ide.eclipse.ddms,20.0.3.v201208082019-427395,"com.android.ide.eclipse.ddms",1350033888510
started,bundle,com.android.ide.eclipse.traceview,20.0.3.v201208082019-427395,"com.android.ide.eclipse.traceview",1350033892414
deactivated,workbench,org.eclipse.ui.workbench,3.7.1.v20120104-1859,"",1350033901904
activated,workbench,org.eclipse.ui.workbench,3.7.1.v20120104-1859,"",1350033931258
deactivated,workbench,org.eclipse.ui.workbench,3.7.1.v20120104-1859,"",1350033933246
activated,view,org.eclipse.ui.console,3.5.100.v20111007_r372,"org.eclipse.ui.console.ConsoleView",1350033948005
opened,view,com.android.ide.eclipse.ddms,20.0.3.v201208082019-427395,"com.android.ide.eclipse.ddms.views.LogCatView",1350033953716
activated,view,com.android.ide.eclipse.ddms,20.0.3.v201208082019-427395,"com.android.ide.eclipse.ddms.views.LogCatView",1350033953776
activated,workbench,org.eclipse.ui.workbench,3.7.1.v20120104-1859,"",1350033957416
activated,editor,org.eclipse.jdt.ui,3.7.2.v20120109-1427,"org.eclipse.jdt.ui.CompilationUnitEditor",1350033958323
deactivated,workbench,org.eclipse.ui.workbench,3.7.1.v20120104-1859,"",1350033985323
activated,workbench,org.eclipse.ui.workbench,3.7.1.v20120104-1859,"",1350034017526
deactivated,workbench,org.eclipse.ui.workbench,3.7.1.v20120104-1859,"",1350034035059
activated,workbench,org.eclipse.ui.workbench,3.7.1.v20120104-1859,"",1350034110524
deactivated,workbench,org.eclipse.ui.workbench,3.7.1.v20120104-1859,"",1350034115664
activated,workbench,org.eclipse.ui.workbench,3.7.1.v20120104-1859,"",1350034116176
deactivated,workbench,org.eclipse.ui.workbench,3.7.1.v20120104-1859,"",1350034117291
activated,workbench,org.eclipse.ui.workbench,3.7.1.v20120104-1859,"",1350034161056
deactivated,workbench,org.eclipse.ui.workbench,3.7.1.v20120104-1859,"",1350034162645
activated,view,org.eclipse.ui.console,3.5.100.v20111007_r372,"org.eclipse.ui.console.ConsoleView",1350034178240
activated,view,com.android.ide.eclipse.ddms,20.0.3.v201208082019-427395,"com.android.ide.eclipse.ddms.views.LogCatView",1350034180284
activated,workbench,org.eclipse.ui.workbench,3.7.1.v20120104-1859,"",1350034595366
started,bundle,org.eclipse.wst.xsl.debug.ui,1.0.200.v201101281837,"org.eclipse.wst.xsl.debug.ui",1350034596574
deactivated,workbench,org.eclipse.ui.workbench,3.7.1.v20120104-1859,"",1350034604916
activated,workbench,org.eclipse.ui.workbench,3.7.1.v20120104-1859,"",1350034607183
activated,view,org.eclipse.ui.console,3.5.100.v20111007_r372,"org.eclipse.ui.console.ConsoleView",1350034632810
activated,view,com.android.ide.eclipse.ddms,20.0.3.v201208082019-427395,"com.android.ide.eclipse.ddms.views.LogCatView",1350034633668
deactivated,workbench,org.eclipse.ui.workbench,3.7.1.v20120104-1859,"",1350034896466
activated,workbench,org.eclipse.ui.workbench,3.7.1.v20120104-1859,"",1350035848765
deactivated,workbench,org.eclipse.ui.workbench,3.7.1.v20120104-1859,"",1350035884687
activated,workbench,org.eclipse.ui.workbench,3.7.1.v20120104-1859,"",1350036583528
deactivated,workbench,org.eclipse.ui.workbench,3.7.1.v20120104-1859,"",1350036601202
activated,workbench,org.eclipse.ui.workbench,3.7.1.v20120104-1859,"",1350037177139
deactivated,workbench,org.eclipse.ui.workbench,3.7.1.v20120104-1859,"",1350037191465
activated,workbench,org.eclipse.ui.workbench,3.7.1.v20120104-1859,"",1350038415600
deactivated,workbench,org.eclipse.ui.workbench,3.7.1.v20120104-1859,"",1350038417049
activated,workbench,org.eclipse.ui.workbench,3.7.1.v20120104-1859,"",1350039261965
deactivated,workbench,org.eclipse.ui.workbench,3.7.1.v20120104-1859,"",1350039263541
activated,view,org.eclipse.jdt.ui,3.7.2.v20120109-1427,"org.eclipse.jdt.ui.PackageExplorer",1350039586583
activated,workbench,org.eclipse.ui.workbench,3.7.1.v20120104-1859,"",1350039586663
activated,editor,org.eclipse.jdt.ui,3.7.2.v20120109-1427,"org.eclipse.jdt.ui.CompilationUnitEditor",1350039587853
deactivated,workbench,org.eclipse.ui.workbench,3.7.1.v20120104-1859,"",1350039591204
activated,workbench,org.eclipse.ui.workbench,3.7.1.v20120104-1859,"",1350039769269
deactivated,workbench,org.eclipse.ui.workbench,3.7.1.v20120104-1859,"",1350039770190
activated,workbench,org.eclipse.ui.workbench,3.7.1.v20120104-1859,"",1350040624772
opened,editor,org.eclipse.jdt.ui,3.7.2.v20120109-1427,"org.eclipse.jdt.ui.CompilationUnitEditor",1350040626787
activated,editor,org.eclipse.jdt.ui,3.7.2.v20120109-1427,"org.eclipse.jdt.ui.CompilationUnitEditor",1350040626831
deactivated,workbench,org.eclipse.ui.workbench,3.7.1.v20120104-1859,"",1350040725731
activated,workbench,org.eclipse.ui.workbench,3.7.1.v20120104-1859,"",1350041500245
deactivated,workbench,org.eclipse.ui.workbench,3.7.1.v20120104-1859,"",1350041739921
activated,workbench,org.eclipse.ui.workbench,3.7.1.v20120104-1859,"",1350045802206
deactivated,workbench,org.eclipse.ui.workbench,3.7.1.v20120104-1859,"",1350045803127
activated,workbench,org.eclipse.ui.workbench,3.7.1.v20120104-1859,"",1350045804204
closed,workbench,org.eclipse.ui.workbench,3.7.1.v20120104-1859,"",1350045804667
stopped,bundle,org.eclipse.jst.ws.axis.creation.ui,1.0.700.v201104070312,"org.eclipse.jst.ws.axis.creation.ui",1350045808884
activated,perspective,org.eclipse.jdt.ui,,"org.eclipse.jdt.ui.JavaPerspective",1350277026905
started,bundle,org.eclipse.osgi,3.7.2.v20120110-1415,"org.eclipse.osgi",1350277026918
started,bundle,org.eclipse.equinox.simpleconfigurator,1.0.200.v20110815-1438,"org.eclipse.equinox.simpleconfigurator",1350277026919
started,bundle,com.ibm.icu,4.4.2.v20110823,"com.ibm.icu",1350277026920
started,bundle,org.eclipse.compare.core,3.5.200.I20110208-0800,"org.eclipse.compare.core",1350277026927
started,bundle,org.eclipse.core.contenttype,3.4.100.v20110423-0524,"org.eclipse.core.contenttype",1350277026927
started,bundle,org.eclipse.core.databinding.observable,1.4.0.I20110222-0800,"org.eclipse.core.databinding.observable",1350277026928
started,bundle,org.eclipse.core.expressions,3.4.300.v20110228,"org.eclipse.core.expressions",1350277026929
started,bundle,org.eclipse.core.filebuffers,3.5.200.v20110928-1504,"org.eclipse.core.filebuffers",1350277026929
started,bundle,org.eclipse.core.filesystem,1.3.100.v20110423-0524,"org.eclipse.core.filesystem",1350277026930
started,bundle,org.eclipse.core.jobs,3.5.101.v20120113-1953,"org.eclipse.core.jobs",1350277026930
started,bundle,org.eclipse.core.net,1.2.100.I20110511-0800,"org.eclipse.core.net",1350277026931
started,bundle,org.eclipse.core.resources,3.7.101.v20120125-1505,"org.eclipse.core.resources",1350277026931
started,bundle,org.eclipse.core.runtime,3.7.0.v20110110,"org.eclipse.core.runtime",1350277026935
started,bundle,org.eclipse.core.runtime.compatibility,3.2.100.v20100505,"org.eclipse.core.runtime.compatibility",1350277026935
started,bundle,org.eclipse.core.runtime.compatibility.auth,3.2.200.v20110110,"org.eclipse.core.runtime.compatibility.auth",1350277026936
started,bundle,org.eclipse.debug.core,3.7.1.v20111129-2031,"org.eclipse.debug.core",1350277026936
started,bundle,org.eclipse.epp.mpc.ui,1.1.1.I20110907-0947,"org.eclipse.epp.mpc.ui",1350277026937
started,bundle,org.eclipse.epp.usagedata.gathering,1.3.1.R201106061540,"org.eclipse.epp.usagedata.gathering",1350277026938
started,bundle,org.eclipse.epp.usagedata.recording,1.3.1.R201106061540,"org.eclipse.epp.usagedata.recording",1350277026938
started,bundle,org.eclipse.equinox.app,1.3.100.v20110321,"org.eclipse.equinox.app",1350277026939
started,bundle,org.eclipse.equinox.common,3.6.0.v20110523,"org.eclipse.equinox.common",1350277026939
started,bundle,org.eclipse.equinox.ds,1.3.1.R37x_v20110701,"org.eclipse.equinox.ds",1350277026940
started,bundle,org.eclipse.equinox.event,1.2.100.v20110502,"org.eclipse.equinox.event",1350277026940
started,bundle,org.eclipse.equinox.p2.core,2.1.1.v20120113-1346,"org.eclipse.equinox.p2.core",1350277026942
started,bundle,org.eclipse.equinox.p2.directorywatcher,1.0.300.v20110815-1419,"org.eclipse.equinox.p2.directorywatcher",1350277026943
started,bundle,org.eclipse.equinox.p2.engine,2.1.1.R37x_v20111003,"org.eclipse.equinox.p2.engine",1350277026945
started,bundle,org.eclipse.equinox.p2.metadata,2.1.0.v20110815-1419,"org.eclipse.equinox.p2.metadata",1350277026950
started,bundle,org.eclipse.equinox.p2.metadata.repository,1.2.0.v20110815-1419,"org.eclipse.equinox.p2.metadata.repository",1350277026952
started,bundle,org.eclipse.equinox.p2.operations,2.1.1.R37x_v20111111,"org.eclipse.equinox.p2.operations",1350277026952
started,bundle,org.eclipse.equinox.p2.reconciler.dropins,1.1.100.v20110815-1419,"org.eclipse.equinox.p2.reconciler.dropins",1350277026953
started,bundle,org.eclipse.equinox.p2.repository,2.1.1.v20120113-1346,"org.eclipse.equinox.p2.repository",1350277026953
started,bundle,org.eclipse.equinox.p2.ui.sdk.scheduler,1.0.100.v20110815-1419,"org.eclipse.equinox.p2.ui.sdk.scheduler",1350277026954
started,bundle,org.eclipse.equinox.p2.updatechecker,1.1.200.v20110815-1419,"org.eclipse.equinox.p2.updatechecker",1350277026954
started,bundle,org.eclipse.equinox.preferences,3.4.2.v20120111-2020,"org.eclipse.equinox.preferences",1350277026955
started,bundle,org.eclipse.equinox.registry,3.5.101.R37x_v20110810-1611,"org.eclipse.equinox.registry",1350277026955
started,bundle,org.eclipse.equinox.security,1.1.1.R37x_v20110822-1018,"org.eclipse.equinox.security",1350277026956
started,bundle,org.eclipse.equinox.util,1.0.300.v20110502,"org.eclipse.equinox.util",1350277026956
started,bundle,org.eclipse.help,3.5.100.v20110426,"org.eclipse.help",1350277026957
started,bundle,org.eclipse.jdt.core,3.7.3.v20120119-1537,"org.eclipse.jdt.core",1350277026958
started,bundle,org.eclipse.jdt.core.manipulation,1.4.0.v20110928-1453,"org.eclipse.jdt.core.manipulation",1350277026958
started,bundle,org.eclipse.jdt.debug,3.7.1.v20111006_r372,"org.eclipse.jdt.debug",1350277026960
started,bundle,org.eclipse.jdt.launching,3.6.1.v20111006_r372,"org.eclipse.jdt.launching",1350277026961
started,bundle,org.eclipse.jdt.ui,3.7.2.v20120109-1427,"org.eclipse.jdt.ui",1350277026961
started,bundle,org.eclipse.jface,3.7.0.v20110928-1505,"org.eclipse.jface",1350277026962
started,bundle,org.eclipse.jsch.core,1.1.300.I20110514-0800,"org.eclipse.jsch.core",1350277026989
started,bundle,org.eclipse.jst.ws.jaxws.utils,1.0.100.v201201031437,"org.eclipse.jst.ws.jaxws.utils",1350277026989
started,bundle,org.eclipse.ltk.core.refactoring,3.5.201.r372_v20111101-0700,"org.eclipse.ltk.core.refactoring",1350277026990
started,bundle,org.eclipse.ltk.ui.refactoring,3.6.0.v20110928-1453,"org.eclipse.ltk.ui.refactoring",1350277026991
started,bundle,org.eclipse.mylyn.bugzilla.core,3.6.5.v20120123-0100,"org.eclipse.mylyn.bugzilla.core",1350277026991
started,bundle,org.eclipse.mylyn.bugzilla.ui,3.6.0.v20110608-1400,"org.eclipse.mylyn.bugzilla.ui",1350277026992
started,bundle,org.eclipse.mylyn.commons.identity,0.8.0.v20110608-1400,"org.eclipse.mylyn.commons.identity",1350277026992
started,bundle,org.eclipse.mylyn.commons.net,3.6.0.v20110608-1400,"org.eclipse.mylyn.commons.net",1350277026992
started,bundle,org.eclipse.mylyn.commons.ui,3.6.1.v20110720-0100,"org.eclipse.mylyn.commons.ui",1350277026993
started,bundle,org.eclipse.mylyn.context.core,3.6.1.v20110720-0100,"org.eclipse.mylyn.context.core",1350277026993
started,bundle,org.eclipse.mylyn.context.ui,3.6.1.v20120112-0100,"org.eclipse.mylyn.context.ui",1350277026994
started,bundle,org.eclipse.mylyn.monitor.ui,3.6.0.v20110608-1400,"org.eclipse.mylyn.monitor.ui",1350277026994
started,bundle,org.eclipse.mylyn.tasks.ui,3.6.5.v20120215-0100,"org.eclipse.mylyn.tasks.ui",1350277026995
started,bundle,org.eclipse.mylyn.team.ui,3.6.1.v20110825-0100,"org.eclipse.mylyn.team.ui",1350277026996
started,bundle,org.eclipse.pde.launching,3.6.0.v20110506,"org.eclipse.pde.launching",1350277026996
started,bundle,org.eclipse.pde.ui,3.6.100.v20120103_r372,"org.eclipse.pde.ui",1350277026998
started,bundle,org.eclipse.search,3.7.0.v20110928-1504,"org.eclipse.search",1350277027004
started,bundle,org.eclipse.team.core,3.6.0.I20110525-0800,"org.eclipse.team.core",1350277027005
started,bundle,org.eclipse.team.cvs.core,3.3.400.I20110510-0800,"org.eclipse.team.cvs.core",1350277027006
started,bundle,org.eclipse.team.cvs.ui,3.3.401.v20120126-1227,"org.eclipse.team.cvs.ui",1350277027007
started,bundle,org.eclipse.team.ui,3.6.101.R37x_v20111109-0800,"org.eclipse.team.ui",1350277027052
started,bundle,org.eclipse.ui,3.7.0.v20110928-1505,"org.eclipse.ui",1350277027053
started,bundle,org.eclipse.ui.console,3.5.100.v20111007_r372,"org.eclipse.ui.console",1350277027054
started,bundle,org.eclipse.ui.editors,3.7.0.v20110928-1504,"org.eclipse.ui.editors",1350277027054
started,bundle,org.eclipse.ui.forms,3.5.101.v20111011-1919,"org.eclipse.ui.forms",1350277027054
started,bundle,org.eclipse.ui.ide,3.7.0.v20110928-1505,"org.eclipse.ui.ide",1350277027055
started,bundle,org.eclipse.ui.net,1.2.100.v20111208-1155,"org.eclipse.ui.net",1350277027056
started,bundle,org.eclipse.ui.views,3.6.0.v20110928-1505,"org.eclipse.ui.views",1350277027056
started,bundle,org.eclipse.ui.views.log,1.0.200.v20110404,"org.eclipse.ui.views.log",1350277027057
started,bundle,org.eclipse.ui.workbench,3.7.1.v20120104-1859,"org.eclipse.ui.workbench",1350277027058
started,bundle,org.eclipse.ui.workbench.texteditor,3.7.0.v20110928-1504,"org.eclipse.ui.workbench.texteditor",1350277027058
started,bundle,org.eclipse.update.configurator,3.3.100.v20100512,"org.eclipse.update.configurator",1350277027059
started,bundle,org.eclipse.update.core,3.2.500.v20110330,"org.eclipse.update.core",1350277027060
started,bundle,org.eclipse.update.scheduler,3.2.300.v20100512,"org.eclipse.update.scheduler",1350277027060
started,bundle,org.eclipse.wst.common.project.facet.core,1.4.201.v201201101553,"org.eclipse.wst.common.project.facet.core",1350277027061
started,bundle,org.eclipse.wst.web,1.1.501.v201201190400,"org.eclipse.wst.web",1350277027061
started,bundle,com.android.ide.eclipse.base,20.0.3.v201208082019-427395,"com.android.ide.eclipse.base",1350277027062
os,sysinfo,,,"macosx",1350277027065
arch,sysinfo,,,"x86_64",1350277027065
ws,sysinfo,,,"cocoa",1350277027065
locale,sysinfo,,,"en_US",1350277027065
processors,sysinfo,,,"2",1350277027065
java.runtime.name,sysinfo,,,"Java(TM) SE Runtime Environment",1350277027065
java.runtime.version,sysinfo,,,"1.6.0_33-b03-424-11M3720",1350277027065
java.specification.name,sysinfo,,,"Java Platform API Specification",1350277027065
java.specification.vendor,sysinfo,,,"Sun Microsystems Inc.",1350277027065
java.specification.version,sysinfo,,,"1.6",1350277027065
java.vendor,sysinfo,,,"Apple Inc.",1350277027065
java.version,sysinfo,,,"1.6.0_33",1350277027065
java.vm.info,sysinfo,,,"mixed mode",1350277027065
java.vm.name,sysinfo,,,"Java HotSpot(TM) 64-Bit Server VM",1350277027065
java.vm.specification.name,sysinfo,,,"Java Virtual Machine Specification",1350277027065
java.vm.specification.vendor,sysinfo,,,"Sun Microsystems Inc.",1350277027065
java.vm.specification.version,sysinfo,,,"1.0",1350277027065
java.vm.vendor,sysinfo,,,"Apple Inc.",1350277027065
java.vm.version,sysinfo,,,"20.8-b03-424",1350277027065
started,bundle,com.android.ide.eclipse.adt,20.0.3.v201208082019-427395,"com.android.ide.eclipse.adt",1350277027159
started,bundle,fix,1.0.0.201204061311,"fix",1350277027267
started,bundle,org.eclipse.jdt.launching.macosx,3.2.100.v20111006_r372,"org.eclipse.jdt.launching.macosx",1350277027816
opened,view,org.eclipse.ui.ide,3.7.0.v20110928-1505,"org.eclipse.ui.views.ProblemView",1350277028413
started,bundle,org.eclipse.epp.usagedata.ui,1.3.1.R201106061540,"org.eclipse.epp.usagedata.ui",1350277028429
started,bundle,org.eclipse.jdt.apt.core,3.3.500.v20110420-1015,"org.eclipse.jdt.apt.core",1350277032861
started,bundle,org.eclipse.jdt.apt.pluggable.core,1.0.400.v20110305-1450,"org.eclipse.jdt.apt.pluggable.core",1350277032886
started,bundle,org.eclipse.core.variables,3.2.500.v20110928-1503,"org.eclipse.core.variables",1350277034816
started,bundle,org.eclipse.jdt.junit,3.7.0.v20110928-1453,"org.eclipse.jdt.junit",1350277040430
started,bundle,org.eclipse.wst.sse.core,1.1.602.v201112071516,"org.eclipse.wst.sse.core",1350277053380
started,bundle,org.eclipse.jst.common.project.facet.core,1.4.200.v201103170302,"org.eclipse.jst.common.project.facet.core",1350277053520
started,bundle,org.eclipse.jst.ws.jaxrs.core,1.0.301.v201108240656,"org.eclipse.jst.ws.jaxrs.core",1350277053522
started,bundle,org.eclipse.jpt.common.core,1.0.2.v201111103010,"org.eclipse.jpt.common.core",1350277053528
started,bundle,org.eclipse.jpt.jpa.core,3.0.2.v201201243020,"org.eclipse.jpt.jpa.core",1350277053529
started,bundle,org.eclipse.wst.xml.core,1.1.602.v201201091944,"org.eclipse.wst.xml.core",1350277063901
started,bundle,org.eclipse.wst.common.uriresolver,1.1.401.v201004280700,"org.eclipse.wst.common.uriresolver",1350277064257
activated,workbench,org.eclipse.ui.workbench,3.7.1.v20120104-1859,"",1350277069249
deactivated,workbench,org.eclipse.ui.workbench,3.7.1.v20120104-1859,"",1350277071262
activated,workbench,org.eclipse.ui.workbench,3.7.1.v20120104-1859,"",1350277135056
activated,view,org.eclipse.jdt.ui,3.7.2.v20120109-1427,"org.eclipse.jdt.ui.PackageExplorer",1350277135782
executed,command,org.eclipse.ui,3.7.0.v20110928-1505,"org.eclipse.ui.file.refresh",1350277136878
executed,command,org.eclipse.ui,3.7.0.v20110928-1505,"org.eclipse.ui.file.refresh",1350277137282
deactivated,workbench,org.eclipse.ui.workbench,3.7.1.v20120104-1859,"",1350277137289
activated,workbench,org.eclipse.ui.workbench,3.7.1.v20120104-1859,"",1350277150676
